Substitution rate (mu): 0.954545

Equilibrium frequencies (pi_i):
  A: 0.0455
  C: 0.0455
  D: 0.0455
  E: 0.0455
  F: 0.0455
  G: 0.0455
  H: 0.0455
  I: 0.0455
  K: 0.0455
  L: 0.0455
  M: 0.0455
  N: 0.0455
  P: 0.0455
  Q: 0.0455
  R: 0.0455
  S: 0.0455
  T: 0.0455
  V: 0.0455
  W: 0.0455
  Y: 0.0455
  *: 0.0455
  -: 0.0455

Symmetrized rates from j->i (W_ij):
	A	C	D	E	F	G	H	I	K	L	M	N	P	Q	R	S	T	V	W	Y	*	-
  A	0	1.0476	1.0476	1.0476	1.0476	1.0476	1.0476	1.0476	1.0476	1.0476	1.0476	1.0476	1.0476	1.0476	1.0476	1.0476	1.0476	1.0476	1.0476	1.0476	1.0476	1.0476
  C	1.0476	0	1.0476	1.0476	1.0476	1.0476	1.0476	1.0476	1.0476	1.0476	1.0476	1.0476	1.0476	1.0476	1.0476	1.0476	1.0476	1.0476	1.0476	1.0476	1.0476	1.0476
  D	1.0476	1.0476	0	1.0476	1.0476	1.0476	1.0476	1.0476	1.0476	1.0476	1.0476	1.0476	1.0476	1.0476	1.0476	1.0476	1.0476	1.0476	1.0476	1.0476	1.0476	1.0476
  E	1.0476	1.0476	1.0476	0	1.0476	1.0476	1.0476	1.0476	1.0476	1.0476	1.0476	1.0476	1.0476	1.0476	1.0476	1.0476	1.0476	1.0476	1.0476	1.0476	1.0476	1.0476
  F	1.0476	1.0476	1.0476	1.0476	0	1.0476	1.0476	1.0476	1.0476	1.0476	1.0476	1.0476	1.0476	1.0476	1.0476	1.0476	1.0476	1.0476	1.0476	1.0476	1.0476	1.0476
  G	1.0476	1.0476	1.0476	1.0476	1.0476	0	1.0476	1.0476	1.0476	1.0476	1.0476	1.0476	1.0476	1.0476	1.0476	1.0476	1.0476	1.0476	1.0476	1.0476	1.0476	1.0476
  H	1.0476	1.0476	1.0476	1.0476	1.0476	1.0476	0	1.0476	1.0476	1.0476	1.0476	1.0476	1.0476	1.0476	1.0476	1.0476	1.0476	1.0476	1.0476	1.0476	1.0476	1.0476
  I	1.0476	1.0476	1.0476	1.0476	1.0476	1.0476	1.0476	0	1.0476	1.0476	1.0476	1.0476	1.0476	1.0476	1.0476	1.0476	1.0476	1.0476	1.0476	1.0476	1.0476	1.0476
  K	1.0476	1.0476	1.0476	1.0476	1.0476	1.0476	1.0476	1.0476	0	1.0476	1.0476	1.0476	1.0476	1.0476	1.0476	1.0476	1.0476	1.0476	1.0476	1.0476	1.0476	1.0476
  L	1.0476	1.0476	1.0476	1.0476	1.0476	1.0476	1.0476	1.0476	1.0476	0	1.0476	1.0476	1.0476	1.0476	1.0476	1.0476	1.0476	1.0476	1.0476	1.0476	1.0476	1.0476
  M	1.0476	1.0476	1.0476	1.0476	1.0476	1.0476	1.0476	1.0476	1.0476	1.0476	0	1.0476	1.0476	1.0476	1.0476	1.0476	1.0476	1.0476	1.0476	1.0476	1.0476	1.0476
  N	1.0476	1.0476	1.0476	1.0476	1.0476	1.0476	1.0476	1.0476	1.0476	1.0476	1.0476	0	1.0476	1.0476	1.0476	1.0476	1.0476	1.0476	1.0476	1.0476	1.0476	1.0476
  P	1.0476	1.0476	1.0476	1.0476	1.0476	1.0476	1.0476	1.0476	1.0476	1.0476	1.0476	1.0476	0	1.0476	1.0476	1.0476	1.0476	1.0476	1.0476	1.0476	1.0476	1.0476
  Q	1.0476	1.0476	1.0476	1.0476	1.0476	1.0476	1.0476	1.0476	1.0476	1.0476	1.0476	1.0476	1.0476	0	1.0476	1.0476	1.0476	1.0476	1.0476	1.0476	1.0476	1.0476
  R	1.0476	1.0476	1.0476	1.0476	1.0476	1.0476	1.0476	1.0476	1.0476	1.0476	1.0476	1.0476	1.0476	1.0476	0	1.0476	1.0476	1.0476	1.0476	1.0476	1.0476	1.0476
  S	1.0476	1.0476	1.0476	1.0476	1.0476	1.0476	1.0476	1.0476	1.0476	1.0476	1.0476	1.0476	1.0476	1.0476	1.0476	0	1.0476	1.0476	1.0476	1.0476	1.0476	1.0476
  T	1.0476	1.0476	1.0476	1.0476	1.0476	1.0476	1.0476	1.0476	1.0476	1.0476	1.0476	1.0476	1.0476	1.0476	1.0476	1.0476	0	1.0476	1.0476	1.0476	1.0476	1.0476
  V	1.0476	1.0476	1.0476	1.0476	1.0476	1.0476	1.0476	1.0476	1.0476	1.0476	1.0476	1.0476	1.0476	1.0476	1.0476	1.0476	1.0476	0	1.0476	1.0476	1.0476	1.0476
  W	1.0476	1.0476	1.0476	1.0476	1.0476	1.0476	1.0476	1.0476	1.0476	1.0476	1.0476	1.0476	1.0476	1.0476	1.0476	1.0476	1.0476	1.0476	0	1.0476	1.0476	1.0476
  Y	1.0476	1.0476	1.0476	1.0476	1.0476	1.0476	1.0476	1.0476	1.0476	1.0476	1.0476	1.0476	1.0476	1.0476	1.0476	1.0476	1.0476	1.0476	1.0476	0	1.0476	1.0476
  *	1.0476	1.0476	1.0476	1.0476	1.0476	1.0476	1.0476	1.0476	1.0476	1.0476	1.0476	1.0476	1.0476	1.0476	1.0476	1.0476	1.0476	1.0476	1.0476	1.0476	0	1.0476
  -	1.0476	1.0476	1.0476	1.0476	1.0476	1.0476	1.0476	1.0476	1.0476	1.0476	1.0476	1.0476	1.0476	1.0476	1.0476	1.0476	1.0476	1.0476	1.0476	1.0476	1.0476	0

Actual rates from j->i (Q_ij):
	A	C	D	E	F	G	H	I	K	L	M	N	P	Q	R	S	T	V	W	Y	*	-
  A	0	0.0476	0.0476	0.0476	0.0476	0.0476	0.0476	0.0476	0.0476	0.0476	0.0476	0.0476	0.0476	0.0476	0.0476	0.0476	0.0476	0.0476	0.0476	0.0476	0.0476	0.0476
  C	0.0476	0	0.0476	0.0476	0.0476	0.0476	0.0476	0.0476	0.0476	0.0476	0.0476	0.0476	0.0476	0.0476	0.0476	0.0476	0.0476	0.0476	0.0476	0.0476	0.0476	0.0476
  D	0.0476	0.0476	0	0.0476	0.0476	0.0476	0.0476	0.0476	0.0476	0.0476	0.0476	0.0476	0.0476	0.0476	0.0476	0.0476	0.0476	0.0476	0.0476	0.0476	0.0476	0.0476
  E	0.0476	0.0476	0.0476	0	0.0476	0.0476	0.0476	0.0476	0.0476	0.0476	0.0476	0.0476	0.0476	0.0476	0.0476	0.0476	0.0476	0.0476	0.0476	0.0476	0.0476	0.0476
  F	0.0476	0.0476	0.0476	0.0476	0	0.0476	0.0476	0.0476	0.0476	0.0476	0.0476	0.0476	0.0476	0.0476	0.0476	0.0476	0.0476	0.0476	0.0476	0.0476	0.0476	0.0476
  G	0.0476	0.0476	0.0476	0.0476	0.0476	0	0.0476	0.0476	0.0476	0.0476	0.0476	0.0476	0.0476	0.0476	0.0476	0.0476	0.0476	0.0476	0.0476	0.0476	0.0476	0.0476
  H	0.0476	0.0476	0.0476	0.0476	0.0476	0.0476	0	0.0476	0.0476	0.0476	0.0476	0.0476	0.0476	0.0476	0.0476	0.0476	0.0476	0.0476	0.0476	0.0476	0.0476	0.0476
  I	0.0476	0.0476	0.0476	0.0476	0.0476	0.0476	0.0476	0	0.0476	0.0476	0.0476	0.0476	0.0476	0.0476	0.0476	0.0476	0.0476	0.0476	0.0476	0.0476	0.0476	0.0476
  K	0.0476	0.0476	0.0476	0.0476	0.0476	0.0476	0.0476	0.0476	0	0.0476	0.0476	0.0476	0.0476	0.0476	0.0476	0.0476	0.0476	0.0476	0.0476	0.0476	0.0476	0.0476
  L	0.0476	0.0476	0.0476	0.0476	0.0476	0.0476	0.0476	0.0476	0.0476	0	0.0476	0.0476	0.0476	0.0476	0.0476	0.0476	0.0476	0.0476	0.0476	0.0476	0.0476	0.0476
  M	0.0476	0.0476	0.0476	0.0476	0.0476	0.0476	0.0476	0.0476	0.0476	0.0476	0	0.0476	0.0476	0.0476	0.0476	0.0476	0.0476	0.0476	0.0476	0.0476	0.0476	0.0476
  N	0.0476	0.0476	0.0476	0.0476	0.0476	0.0476	0.0476	0.0476	0.0476	0.0476	0.0476	0	0.0476	0.0476	0.0476	0.0476	0.0476	0.0476	0.0476	0.0476	0.0476	0.0476
  P	0.0476	0.0476	0.0476	0.0476	0.0476	0.0476	0.0476	0.0476	0.0476	0.0476	0.0476	0.0476	0	0.0476	0.0476	0.0476	0.0476	0.0476	0.0476	0.0476	0.0476	0.0476
  Q	0.0476	0.0476	0.0476	0.0476	0.0476	0.0476	0.0476	0.0476	0.0476	0.0476	0.0476	0.0476	0.0476	0	0.0476	0.0476	0.0476	0.0476	0.0476	0.0476	0.0476	0.0476
  R	0.0476	0.0476	0.0476	0.0476	0.0476	0.0476	0.0476	0.0476	0.0476	0.0476	0.0476	0.0476	0.0476	0.0476	0	0.0476	0.0476	0.0476	0.0476	0.0476	0.0476	0.0476
  S	0.0476	0.0476	0.0476	0.0476	0.0476	0.0476	0.0476	0.0476	0.0476	0.0476	0.0476	0.0476	0.0476	0.0476	0.0476	0	0.0476	0.0476	0.0476	0.0476	0.0476	0.0476
  T	0.0476	0.0476	0.0476	0.0476	0.0476	0.0476	0.0476	0.0476	0.0476	0.0476	0.0476	0.0476	0.0476	0.0476	0.0476	0.0476	0	0.0476	0.0476	0.0476	0.0476	0.0476
  V	0.0476	0.0476	0.0476	0.0476	0.0476	0.0476	0.0476	0.0476	0.0476	0.0476	0.0476	0.0476	0.0476	0.0476	0.0476	0.0476	0.0476	0	0.0476	0.0476	0.0476	0.0476
  W	0.0476	0.0476	0.0476	0.0476	0.0476	0.0476	0.0476	0.0476	0.0476	0.0476	0.0476	0.0476	0.0476	0.0476	0.0476	0.0476	0.0476	0.0476	0	0.0476	0.0476	0.0476
  Y	0.0476	0.0476	0.0476	0.0476	0.0476	0.0476	0.0476	0.0476	0.0476	0.0476	0.0476	0.0476	0.0476	0.0476	0.0476	0.0476	0.0476	0.0476	0.0476	0	0.0476	0.0476
  *	0.0476	0.0476	0.0476	0.0476	0.0476	0.0476	0.0476	0.0476	0.0476	0.0476	0.0476	0.0476	0.0476	0.0476	0.0476	0.0476	0.0476	0.0476	0.0476	0.0476	0	0.0476
  -	0.0476	0.0476	0.0476	0.0476	0.0476	0.0476	0.0476	0.0476	0.0476	0.0476	0.0476	0.0476	0.0476	0.0476	0.0476	0.0476	0.0476	0.0476	0.0476	0.0476	0.0476	0
